8598190
1254762
7857883
5180437
3855486
9408777
1614674
7575391
6418932
7436664
412864
8875006
5065945
4337745
112842
719646
2871101
4480047
7741219
1227688
2009151
8614084
7030131
2442469
857116
2264677
420244
6675390
9136102
7596154
666370
6364072
403735
9012236
7753621
1524170
5964297
5996194
1299292
6614735
3035870
3637937
3880014
4858692
129200
2520353
7893516
8011282
5391231
6417850
6283918
4470907
4197412
8218610
9634478
1072928
7956795
6852518
7963957
281581
1901245
6037029
8599325
6206724
5188904
7849258
8756357
457838
29408
8075526
9028394
9669656
6057071
5339482
7035703
4635201
9215066
3115547
1256359
1623085
3569661
6576075
941504
7957293
271573
9918400
6416706
4593873
9878528
1633041
3824929
4491704
1931029
3563236
9409423
7543095
8440629
5296118
814235
4732286
3566000
4807802
6072955
7764828
9898036
3789738
9293132
6351114
6939284
2319732
3824588
625488
4128586
9502416
6502138
5635441
1693972
3383587
9121646
612261
6171727
8552170
3344856
8184575
8866131
736861
7358101
8231327
1954520
2868966
5063803
3814561
13625
9460450
7452033
6111793
4291740
2335538
1630363
4873332
5916911
7656913
1142831
1032234
1249581
2620397
1845802
5095760
8146672
5143320
1708328
9135400
2217
13634
1207609
8520486
9606326
6980171
9686714
1300709
2324774
6016291
3736792
1317154
6822148
1366858
629490
7568393
5299529
750009
7020187
8186177
1110259
7323263
806848
7406513
6549143
8246928
700405
623441
4123099
1922238
4431947
6806034
9902297
6427121
7809033
3888822
4182279
56664
7832096
9163883
7015341
750268
9734999
6494809
4121062
9224679
8208515
5337915
3573808
4683441
4233969
6133469
8859593
3712990
9555757
149149
410097
7949591
8737228
1226325
1977936
9973379
9723768
2794584
507198
5259330
348247
4097411
2819414
5533212
9957294
3710052
2030389
5440317
7694168
2303045
341500
892756
8849183
3348236
8367520
579111
7346228
6616542
8420237
6029233
864509
8285815
2645417
3633723
64471
375773
7006318
9074
4938561
8894315
2664180
499527
8591368
8501683
6704401
7843074
6865151
3251231
7251576
7071498
240760
1929663
1662416
511202
6112332
9785698
1464517
8888563
2750335
586498
5799704
1859083
4095090
4140689
1745588
7229879
2674347
501342
5366979
9690820
4784758
7653388
5574733
3874667
908459
7805946
2464724
5517121
9768753
5384733
3611380
5564400
4779417
8248854
6513906
6157879
4985873
9017394
8948844
8831191
4913776
3677041
282281
2652474
6635519
2386441
1824586
8627795
4271093
1022735
2635470
8815685
3031214
2870527
1791232
3824141
9834353
429048
6850307
2978478
7957903
6671182
6072444
6551602
2438742
980258
3566187
1102152
9176503
2462545
2930919
8348820
4624660
9989472
8189993
9216798
4079653
7603751
787491
4681020
2988416
819650
6243889
4784921
7010603
4766383
3226925
3682930
2812959
8302778
7463812
4631365
6633320
2706383
5319893
3662027
2103771
3815345
9507887
1469536
7623557
5107785
2264758
5376478
3957514
1121260
5285084
8039234
151423
4311504
9321749
5960860
125409
7335365
218759
693314
693713
6788622
9007368
2395844
9884764
2405179
1360331
7185189
5429869
9340838
275296
4059567
2845919
5503899
9674622
62499
9579503
8253200
914024
6921690
7559590
7320045
9985172
6139479
5206300
9624070
685484
7170117
9938298
3351438
6399677
8608237
9879483
7147351
4151953
6045925
8497687
8905491
328582
9690989
584335
5175742
986164
2962706
8570274
4135434
4339912
747181
6886296
2157801
9078522
5221829
1991204
1386964
9081355
197831
1055573
7621755
1082104
162795
169924
2931588
1962759
8448855
4898892
9427509
8327182
8885928
5192074
5064046
5666586
6144362
111535
3898148
3688900
8526265
5237676
1762151
8194890
2485754
5725396
9226916
6714247
2153628
9702866
5801933
7290572
2832883
8081361
6110247
9766347
2966330
8521227
5141531
3613182
5856660
2568806
8385113
1315342
2747451
4637817
8301058
2784112
7556659
9400177
2305624
3459880
2468733
9715504
2801026
3266055
3093101
9739630
9299208
3591628
3170897
986419
6273192
823337
3280411
1042585
5756534
4637146
5369468
7550308
1929761
2329857
8863355
9183906
1824344
9901278
5802255
8604898
3244188
5217358
1108499
4860397
7045775
4535238
9931130
136143
2922178
960910
3234002
8606943
1309859
6894110
1919488
3120158
6455428
3027020
8305837
4728210
2605567
2492077
5477344
5421054
1541191
3737562
9368526
2751672
7270777
1939602
8941128
5060801
6923160
4724442
2323611
8689794
2195073
7687595
4835627
9236341
4935521
3573852
7355386
5660296
8042215
8790956
6759305
9355157
9371758
8629693
5518563
4427431
2766571
6061829
1152707
56762
2681041
4630912
9890679
1235542
9953017
68303
3535356
4322986
641748
2625032
4441314
5287476
2280520
6563993
8724714
1289160
2493790
8229689
1629222
5279073
8491313
4730813
3353661
1342128
9661958
2260237
5641979
336282
1665928
2698530
7092825
7561126
3946926
4320618
3336346
2748346
5110627
8958006
4910966
933924
327941
3354693
8311238
3182942
7725329
8445154
9286663
3888505
5394303
7575393
8977278
3939811
8278670
3168686
8922317
4794367
6298623
4220729
3128103
5291379
1881385
5311143
8180265
4415337
2104864
8783542
937659
5015725
9522007
1969561
3120114
5712203
5002504
6102705
2799395
6501497
5467881
6905723
1574147
3015683
8749404
6263801
977043
5497871
4154366
3147281
9908633
5949159
2922856
7026071
1031008
622814
369759
1588324
5198249
3829171
3293189
6951657
5874449
9746197
5110829
7871002
4346368
3184358
7762308
2658458
5152075
5834
6234317
8145698
5399581
8604119
4594824
8751642
9329521
6677439
2017845
333433
5096910
3444155
4157354
3108515
4577537
5753192
2057308
1065886
7524211
4714736
6070594
3907005
4656595
5888754
4468977
9441256
1677321
445456
9234652
9414747
2208079
8239393
1490437
2527488
5413316
461539
602638
3814565
2692921
7581784
6705188
3314804
6695932
9718543
9361632
9448493
965930
1123047
4634708
4904880
5101717
5046837
5821620
6288154
2162536
8001935
5286158
3461994
6016191
2482493
2716904
57613
7332669
416004
2340921
4225158
444464
6768075
4148273
1502809
557132
8146331
2154069
5816914
3553594
9186337
9780578
7205074
3955644
121638
525001
3562141
8766176
2526959
6756016
957122
7921612
9241034
5960826
9693528
337808
2111425
6573851
884229
1994063
1946094
1594053
8555640
3143583
9991199
3991465
5424597
7888342
990563
1655671
3082021
5079074
4609166
7113370
8582070
2811403
4788103
4493794
8329073
6386960
6054075
8840321
69286
8113434
3797368
6276643
5252113
6343354
751698
4208532
2955143
6776719
4408814
5443117
3784095
2773869
473277
2364721
5044924
7029853
4877227
2907863
4606441
4608771
8568321
1475352
6818701
8478806
3987544
4414653
7905460
93195
4173583
6644422
7336223
2899231
8034418
8220238
3335129
5283823
8845789
8704685
8537618
1222864
4590730
5104262
3142222
5187099
3103314
629830
1251971
1456636
8046607
543861
9703720
8542220
9722091
6668798
6631953
3565226
563902
3241476
8012503
7488542
7114066
5608497
8479119
3786232
5257055
8795418
7125469
3185479
5273341
8656949
8430606
9186396
4533032
6910681
1872572
9098659
1175859
7601334
4870004
5371886
6495381
2575545
7068089
4705638
2305533
6233212
8253284
4947858
1508065
1164222
4547198
4004020
6468541
7218638
3900694
8490392
4267122
8105921
2094298
7758174
1371796
7550661
869893
1641589
2037087
7551637
6200702
1590709
8739935
9624083
2650944
5324955
3630737
5687077
4648180
6688065
31912
7075586
8135032
8154147
3380527
3739935
4682119
7213919
9619919
472188
7248979
2726705
1692587
3039675
2811557
9016784
6441731
8547887
2877618
6199184
3190850
9821185
7703949
6275594
4597948
8040657
6573712
5803718
3306882
5419468
5367903
3020222
4138349
8348090
9517256
9305965
8945324
6285368
1542374
6350054
2254610
7904905
2850461
1179657
798058
6283628
6430395
3335237
4335294
1929456
2405698
2217374
4070654
6982739
492880
9888636
9325479
3388879
1615596
7451623
679864
9845983
8586661
6581058
3706740
7036719
4830822
8740812
2806214
9079862
8394210
7553442
4632874
7819878
899602
5738037
342490
6333467
3576153
1325417
1145492
9563100
6401053
6638402
7782666
3227043
6270768
9484351
4085648
3572815
4854075
3449590
8262289
3066029
9614797
972821
5441819
7488112
8381582
8759387
1263860
5521194
3997732
1605725
5435220
6187741
9119700
1065303
1648904
8784978
2969794
1777488
5382330
2142146
1964812
6952626
3400816
6567943
8079187
9926899
8914316
5636227
890857
4793409
784775
1874686
9734016
4638882
353262
3698935
1020383
3548654
3286325
9056462
8115055
4067184
1761988
1591446
383881
9120883
8688508
1905653
5617283
8640175
840431
4820884
6633725
6815289
8057675
3294397
2324822
9750458
7645768
123037
4189588
5515253
843721
3270983
4955188
4632980
4762482
4668197
245626
8073487
3433141
2001916
8956780
7869077
6591154
3027980
3308466
9622072
4493980
6683349
527155
7677690
9438187
1981610
9884022
512560
3770317
9682667
9496104
3270969
4941681
9614082
6575716
7635541
769553
3027217
674515
5321743
5984900
5032335
833500
9055297
2445010
2444914
3556049
2261355
3293855
2535691
1762987
4891641
7949959
854036
8979257
459202
2084608
535251
9247094
4558493
1769013
